Dates,Google_Trends,Price,Reddit_Subscribers_Growth,Twitter_Mentions,Volume
2016-01-01,0,0.0,1,1,0.0
2016-01-02,0,0.0,1,1,0.0
2016-01-03,0,0.0,1,1,0.0
2016-01-04,0,0.0,1,1,0.0
2016-01-05,0,0.0,1,1,0.0
2016-01-06,0,0.0,1,1,0.0
2016-01-07,0,0.0,1,1,0.0
2016-01-08,0,0.0,1,1,0.0
2016-01-09,0,0.0,1,1,0.0
2016-01-10,0,0.0,1,1,0.0
2016-01-11,0,0.0,1,1,0.0
2016-01-12,0,0.0,1,1,0.0
2016-01-13,0,0.0,1,1,0.0
2016-01-14,0,0.0,1,1,0.0
2016-01-15,0,0.0,1,1,0.0
2016-01-16,0,0.0,1,1,0.0
2016-01-17,0,0.0,1,1,0.0
2016-01-18,0,0.0,1,1,0.0
2016-01-19,0,0.0,1,1,0.0
2016-01-20,0,0.0,1,1,0.0
2016-01-21,0,0.0,1,1,0.0
2016-01-22,0,0.0,1,1,0.0
2016-01-23,0,0.0,1,1,0.0
2016-01-24,0,0.0,1,1,0.0
2016-01-25,0,0.0,1,1,0.0
2016-01-26,0,0.0,1,1,0.0
2016-01-27,0,0.0,1,1,0.0
2016-01-28,0,0.0,1,1,0.0
2016-01-29,0,0.0,1,1,0.0
2016-01-30,0,0.0,1,1,0.0
2016-01-31,0,0.0,1,1,0.0
2016-02-01,0,0.0,1,1,0.0
2016-02-02,0,0.0,1,1,0.0
2016-02-03,0,0.0,1,1,0.0
2016-02-04,0,0.0,1,1,0.0
2016-02-05,0,0.0,1,1,0.0
2016-02-06,0,0.0,1,1,0.0
2016-02-07,0,0.0,1,1,0.0
2016-02-08,0,0.0,1,1,0.0
2016-02-09,0,0.0,1,1,0.0
2016-02-10,0,0.0,1,1,0.0
2016-02-11,0,0.0,1,1,0.0
2016-02-12,0,0.0,1,1,0.0
2016-02-13,0,0.0,1,1,0.0
2016-02-14,0,0.0,1,1,0.0
2016-02-15,0,0.0,1,1,0.0
2016-02-16,0,0.0,1,1,0.0
2016-02-17,0,0.0,1,1,0.0
2016-02-18,0,0.0,1,1,0.0
2016-02-19,0,0.0,1,1,0.0
2016-02-20,0,0.0,1,1,0.0
2016-02-21,0,0.0,1,1,0.0
2016-02-22,0,0.0,1,1,0.0
2016-02-23,0,0.0,1,1,0.0
2016-02-24,0,0.0,1,1,0.0
2016-02-25,0,0.0,1,1,0.0
2016-02-26,0,0.0,1,1,0.0
2016-02-27,0,0.0,1,1,0.0
2016-02-28,0,0.0,1,1,0.0
2016-02-29,0,0.0,1,1,0.0
2016-03-01,0,0.0,1,1,0.0
2016-03-02,0,0.0,1,1,0.0
2016-03-03,0,0.0,1,1,0.0
2016-03-04,0,0.0,1,1,0.0
2016-03-05,0,0.0,1,1,0.0
2016-03-06,0,0.0,1,1,0.0
2016-03-07,0,0.0,1,1,0.0
2016-03-08,0,0.0,1,1,0.0
2016-03-09,0,0.0,1,1,0.0
2016-03-10,0,0.0,1,1,0.0
2016-03-11,0,0.0,1,1,0.0
2016-03-12,0,0.0,1,1,0.0
2016-03-13,0,0.0,1,1,0.0
2016-03-14,0,0.0,1,1,0.0
2016-03-15,0,0.0,1,1,0.0
2016-03-16,0,0.0,1,1,0.0
2016-03-17,0,0.0,1,1,0.0
2016-03-18,0,0.0,1,1,0.0
2016-03-19,0,0.0,1,1,0.0
2016-03-20,0,0.0,1,1,0.0
2016-03-21,0,0.0,1,1,0.0
2016-03-22,0,0.0,1,1,0.0
2016-03-23,0,0.0,1,1,0.0
2016-03-24,0,0.0,1,1,0.0
2016-03-25,0,0.0,1,1,0.0
2016-03-26,0,0.0,1,1,0.0
2016-03-27,0,0.0,1,1,0.0
2016-03-28,0,0.0,1,1,0.0
2016-03-29,0,0.0,1,1,0.0
2016-03-30,0,0.0,1,1,0.0
2016-03-31,0,0.0,1,1,0.0
2016-04-01,0,0.0,1,1,0.0
2016-04-02,0,0.0,1,1,0.0
2016-04-03,0,0.0,1,1,0.0
2016-04-04,0,0.0,1,1,0.0
2016-04-05,0,0.0,1,1,0.0
2016-04-06,0,0.0,1,1,0.0
2016-04-07,0,0.0,1,1,0.0
2016-04-08,0,0.0,1,1,0.0
2016-04-09,0,0.0,1,1,0.0
2016-04-10,0,0.0,1,1,0.0
2016-04-11,0,0.0,1,1,0.0
2016-04-12,0,0.0,1,1,0.0
2016-04-13,0,0.0,1,1,0.0
2016-04-14,0,0.0,1,1,0.0
2016-04-15,0,0.0,1,1,0.0
2016-04-16,0,0.0,1,1,0.0
2016-04-17,0,0.0,1,1,0.0
2016-04-18,0,0.0,1,1,0.0
2016-04-19,0,0.0,1,1,0.0
2016-04-20,0,0.0,1,1,0.0
2016-04-21,0,0.0,1,1,0.0
2016-04-22,0,0.0,1,1,0.0
2016-04-23,0,0.0,1,1,0.0
2016-04-24,0,0.0,1,1,0.0
2016-04-25,0,0.0,1,1,0.0
2016-04-26,0,0.0,1,1,0.0
2016-04-27,0,0.0,1,1,0.0
2016-04-28,0,0.0,1,1,0.0
2016-04-29,0,0.0,1,1,0.0
2016-04-30,0,0.0,1,1,0.0
2016-05-01,0,0.0,1,1,0.0
2016-05-02,0,0.0,1,1,0.0
2016-05-03,0,0.0,1,1,0.0
2016-05-04,0,0.0,1,1,0.0
2016-05-05,0,0.0,1,1,0.0
2016-05-06,0,0.0,1,1,0.0
2016-05-07,0,0.0,1,1,0.0
2016-05-08,0,0.0,1,1,0.0
2016-05-09,0,0.0,1,1,0.0
2016-05-10,0,0.0,1,1,0.0
2016-05-11,0,0.0,1,1,0.0
2016-05-12,0,0.0,1,1,0.0
2016-05-13,0,0.0,1,1,0.0
2016-05-14,0,0.0,1,1,0.0
2016-05-15,0,0.0,1,1,0.0
2016-05-16,0,0.0,1,1,0.0
2016-05-17,0,0.0,1,1,0.0
2016-05-18,0,0.0,1,1,0.0
2016-05-19,0,0.0,1,1,0.0
2016-05-20,0,0.0,1,1,0.0
2016-05-21,0,0.0,1,1,0.0
2016-05-22,0,0.0,1,1,0.0
2016-05-23,0,0.0,1,1,0.0
2016-05-24,0,0.0,1,1,0.0
2016-05-25,0,0.0,1,1,0.0
2016-05-26,0,0.0,1,1,0.0
2016-05-27,0,0.0,1,1,0.0
2016-05-28,0,0.0,1,1,0.0
2016-05-29,0,0.0,1,1,0.0
2016-05-30,0,0.0,1,1,0.0
2016-05-31,0,0.0,1,1,0.0
2016-06-01,0,0.0,1,1,0.0
2016-06-02,0,0.0,1,1,0.0
2016-06-03,0,0.0,1,1,0.0
2016-06-04,0,0.0,1,1,0.0
2016-06-05,0,0.0,1,1,0.0
2016-06-06,0,0.0,1,1,0.0
2016-06-07,0,0.0,1,1,0.0
2016-06-08,0,0.0,1,1,0.0
2016-06-09,0,0.0,1,1,0.0
2016-06-10,0,0.0,1,1,0.0
2016-06-11,0,0.0,1,1,0.0
2016-06-12,0,0.0,1,1,0.0
2016-06-13,0,0.0,1,1,0.0
2016-06-14,0,0.0,1,1,0.0
2016-06-15,0,0.0,1,1,0.0
2016-06-16,0,0.0,1,1,0.0
2016-06-17,0,0.0,1,1,0.0
2016-06-18,0,0.0,1,1,0.0
2016-06-19,0,0.0,1,1,0.0
2016-06-20,0,0.0,1,1,0.0
2016-06-21,0,0.0,1,1,0.0
2016-06-22,0,0.0,1,1,0.0
2016-06-23,0,0.0,1,1,0.0
2016-06-24,0,0.0,1,1,0.0
2016-06-25,0,0.0,1,1,0.0
2016-06-26,0,0.0,1,1,0.0
2016-06-27,0,0.0,1,1,0.0
2016-06-28,0,0.0,1,1,0.0
2016-06-29,0,0.0,1,1,0.0
2016-06-30,0,0.0,1,1,0.0
2016-07-01,0,0.0,1,1,0.0
2016-07-02,0,0.0,1,1,0.0
2016-07-03,0,0.0,1,1,0.0
2016-07-04,0,0.0,1,1,0.0
2016-07-05,0,0.0,1,1,0.0
2016-07-06,0,0.0,1,1,0.0
2016-07-07,0,0.0,1,1,0.0
2016-07-08,0,0.0,1,1,0.0
2016-07-09,0,0.0,1,1,0.0
2016-07-10,0,0.0,1,1,0.0
2016-07-11,0,0.0,1,1,0.0
2016-07-12,0,0.0,1,1,0.0
2016-07-13,0,0.0,1,1,0.0
2016-07-14,0,0.0,1,1,0.0
2016-07-15,0,0.0,1,1,0.0
2016-07-16,0,0.0,1,1,0.0
2016-07-17,0,0.0,1,1,0.0
2016-07-18,0,0.0,1,1,0.0
2016-07-19,0,0.0,1,1,0.0
2016-07-20,0,0.0,1,1,0.0
2016-07-21,0,0.0,1,1,0.0
2016-07-22,0,0.0,1,1,0.0
2016-07-23,0,0.0,1,1,0.0
2016-07-24,0,0.0,1,1,0.0
2016-07-25,0,0.0,1,1,0.0
2016-07-26,0,0.0,1,1,0.0
2016-07-27,0,0.0,1,1,0.0
2016-07-28,0,0.0,1,1,0.0
2016-07-29,0,0.0,1,1,0.0
2016-07-30,0,0.0,1,1,0.0
2016-07-31,0,0.0,1,1,0.0
2016-08-01,0,0.0,1,1,0.0
2016-08-02,0,0.0,1,1,0.0
2016-08-03,0,0.0,1,1,0.0
2016-08-04,0,0.0,1,1,0.0
2016-08-05,0,0.0,1,1,0.0
2016-08-06,0,0.0,1,1,0.0
2016-08-07,0,0.0,1,1,0.0
2016-08-08,0,0.0,1,1,0.0
2016-08-09,0,0.0,1,1,0.0
2016-08-10,0,0.0,1,1,0.0
2016-08-11,0,0.0,1,1,0.0
2016-08-12,0,0.0,1,1,0.0
2016-08-13,0,0.0,1,1,0.0
2016-08-14,0,0.0,1,1,0.0
2016-08-15,0,0.0,1,1,0.0
2016-08-16,0,0.0,1,1,0.0
2016-08-17,0,0.0,1,1,0.0
2016-08-18,0,0.0,1,1,0.0
2016-08-19,0,0.0,1,1,0.0
2016-08-20,0,0.0,1,1,0.0
2016-08-21,0,0.0,1,1,0.0
2016-08-22,0,0.0,1,1,0.0
2016-08-23,0,0.0,1,1,0.0
2016-08-24,0,0.0,1,1,0.0
2016-08-25,0,0.0,1,1,0.0
2016-08-26,0,0.0,1,1,0.0
2016-08-27,0,0.0,1,1,0.0
2016-08-28,0,0.0,1,1,0.0
2016-08-29,0,0.0,1,1,0.0
2016-08-30,0,0.0,1,1,0.0
2016-08-31,0,0.0,1,1,0.0
2016-09-01,0,0.0,1,1,0.0
2016-09-02,0,0.0,1,1,0.0
2016-09-03,0,0.0,1,1,0.0
2016-09-04,0,0.0,1,1,0.0
2016-09-05,0,0.0,1,1,0.0
2016-09-06,0,0.0,1,1,0.0
2016-09-07,0,0.0,1,1,0.0
2016-09-08,0,0.0,1,1,0.0
2016-09-09,0,0.0,1,1,0.0
2016-09-10,0,0.0,1,1,0.0
2016-09-11,0,0.0,1,1,0.0
2016-09-12,0,0.0,1,1,0.0
2016-09-13,0,0.0,1,1,0.0
2016-09-14,0,0.0,1,1,0.0
2016-09-15,0,0.0,1,1,0.0
2016-09-16,0,0.0,1,1,0.0
2016-09-17,0,0.0,1,1,0.0
2016-09-18,0,0.0,1,1,0.0
2016-09-19,0,0.0,1,1,0.0
2016-09-20,0,0.0,1,1,0.0
2016-09-21,0,0.0,1,1,0.0
2016-09-22,0,0.0,1,1,0.0
2016-09-23,0,0.0,1,1,0.0
2016-09-24,0,0.0,1,1,0.0
2016-09-25,0,0.0,1,1,0.0
2016-09-26,0,0.0,1,1,0.0
2016-09-27,0,0.0,1,1,0.0
2016-09-28,0,0.0,1,1,0.0
2016-09-29,0,0.0,1,1,0.0
2016-09-30,0,0.0,1,1,0.0
2016-10-01,0,0.0,1,1,0.0
2016-10-02,0,0.0,1,1,0.0
2016-10-03,0,0.0,1,1,0.0
2016-10-04,0,0.0,1,1,0.0
2016-10-05,0,0.0,1,1,0.0
2016-10-06,0,0.0,1,1,0.0
2016-10-07,0,0.0,1,1,0.0
2016-10-08,0,0.0,1,1,0.0
2016-10-09,0,0.0,1,1,0.0
2016-10-10,0,0.0,1,1,0.0
2016-10-11,0,0.0,1,1,0.0
2016-10-12,0,0.0,1,1,0.0
2016-10-13,0,0.0,1,1,0.0
2016-10-14,0,0.0,1,1,0.0
2016-10-15,0,0.0,1,1,0.0
2016-10-16,0,0.0,1,1,0.0
2016-10-17,0,0.0,1,1,0.0
2016-10-18,0,0.0,1,1,0.0
2016-10-19,0,0.0,1,1,0.0
2016-10-20,0,0.0,1,1,0.0
2016-10-21,0,0.0,1,1,0.0
2016-10-22,0,0.0,1,1,0.0
2016-10-23,0,0.0,1,1,0.0
2016-10-24,0,0.0,1,1,0.0
2016-10-25,0,0.0,1,1,0.0
2016-10-26,0,0.0,1,1,0.0
2016-10-27,0,0.0,1,1,0.0
2016-10-28,0,0.0,1,1,0.0
2016-10-29,0,0.0,1,1,0.0
2016-10-30,0,0.0,1,1,0.0
2016-10-31,0,0.0,1,1,0.0
2016-11-01,0,0.0,1,1,0.0
2016-11-02,0,0.0,1,1,0.0
2016-11-03,0,0.0,1,1,0.0
2016-11-04,0,0.0,1,1,0.0
2016-11-05,0,0.0,1,1,0.0
2016-11-06,0,0.0,1,1,0.0
2016-11-07,0,0.0,1,1,0.0
2016-11-08,0,0.0,1,1,0.0
2016-11-09,0,0.0,1,1,0.0
2016-11-10,0,0.0,1,1,0.0
2016-11-11,0,0.0,1,1,0.0
2016-11-12,0,0.0,1,1,0.0
2016-11-13,0,0.0,1,1,0.0
2016-11-14,0,0.0,1,1,0.0
2016-11-15,0,0.0,1,1,0.0
2016-11-16,0,0.0,1,1,0.0
2016-11-17,0,0.0,1,1,0.0
2016-11-18,0,0.0,1,1,0.0
2016-11-19,0,0.0,1,1,0.0
2016-11-20,0,0.0,1,1,0.0
2016-11-21,0,0.0,1,1,0.0
2016-11-22,0,0.0,1,1,0.0
2016-11-23,0,0.0,1,1,0.0
2016-11-24,0,0.0,1,1,0.0
2016-11-25,0,0.0,1,1,0.0
2016-11-26,0,0.0,1,1,0.0
2016-11-27,0,0.0,1,1,0.0
2016-11-28,0,0.0,1,1,0.0
2016-11-29,0,0.0,1,1,0.0
2016-11-30,0,0.0,1,1,0.0
2016-12-01,0,0.0,1,1,0.0
2016-12-02,0,0.0,1,1,0.0
2016-12-03,0,0.0,1,1,0.0
2016-12-04,0,0.0,1,1,0.0
2016-12-05,0,0.0,1,1,0.0
2016-12-06,0,0.0,1,1,0.0
2016-12-07,0,0.0,1,1,0.0
2016-12-08,0,0.0,1,1,0.0
2016-12-09,0,0.0,1,1,0.0
2016-12-10,0,0.0,1,1,0.0
2016-12-11,0,0.0,1,1,0.0
2016-12-12,0,0.0,1,1,0.0
2016-12-13,0,0.0,1,1,0.0
2016-12-14,0,0.0,1,1,0.0
2016-12-15,0,0.0,1,1,0.0
2016-12-16,0,0.0,1,1,0.0
2016-12-17,0,0.0,1,1,0.0
2016-12-18,0,0.0,1,1,0.0
2016-12-19,0,0.0,1,1,0.0
2016-12-20,0,0.0,1,1,0.0
2016-12-21,0,0.0,1,1,0.0
2016-12-22,0,0.0,1,1,0.0
2016-12-23,0,0.0,1,1,0.0
2016-12-24,0,0.0,1,1,0.0
2016-12-25,0,0.0,1,1,0.0
2016-12-26,0,0.0,1,1,0.0
2016-12-27,0,0.0,1,1,0.0
2016-12-28,0,0.0,1,1,0.0
2016-12-29,0,0.0,1,1,0.0
2016-12-30,0,0.0,1,1,0.0
2016-12-31,0,0.0,1,1,0.0
2017-01-01,0,0.0,1,1,0.0
2017-01-02,0,0.0,1,1,0.0
2017-01-03,0,0.0,1,1,0.0
2017-01-04,0,0.0,1,1,0.0
2017-01-05,0,0.0,1,1,0.0
2017-01-06,0,0.0,1,1,0.0
2017-01-07,0,0.0,1,1,0.0
2017-01-08,0,0.0,1,1,0.0
2017-01-09,0,0.0,1,1,0.0
2017-01-10,0,0.0,1,1,0.0
2017-01-11,0,0.0,1,1,0.0
2017-01-12,0,0.0,1,1,0.0
2017-01-13,0,0.0,1,1,0.0
2017-01-14,0,0.0,1,1,0.0
2017-01-15,0,0.0,1,1,0.0
2017-01-16,0,0.0,1,1,0.0
2017-01-17,0,0.0,1,1,0.0
2017-01-18,0,0.0,1,1,0.0
2017-01-19,0,0.0,1,1,0.0
2017-01-20,0,0.0,1,1,0.0
2017-01-21,0,0.0,1,1,0.0
2017-01-22,0,0.0,1,1,0.0
2017-01-23,0,0.0,1,1,0.0
2017-01-24,0,0.0,1,1,0.0
2017-01-25,0,0.0,1,1,0.0
2017-01-26,0,0.0,1,1,0.0
2017-01-27,0,0.0,1,1,0.0
2017-01-28,0,0.0,1,1,0.0
2017-01-29,0,0.0,1,1,0.0
2017-01-30,0,0.0,1,1,0.0
2017-01-31,0,0.0,1,1,0.0
2017-02-01,0,0.0,1,1,0.0
2017-02-02,0,0.0,1,1,0.0
2017-02-03,0,0.0,1,1,0.0
2017-02-04,0,0.0,1,1,0.0
2017-02-05,0,0.0,1,1,0.0
2017-02-06,0,0.0,1,1,0.0
2017-02-07,0,0.0,1,1,0.0
2017-02-08,0,0.0,1,1,0.0
2017-02-09,0,0.0,1,1,0.0
2017-02-10,0,0.0,1,1,0.0
2017-02-11,0,0.0,1,1,0.0
2017-02-12,0,0.0,1,1,0.0
2017-02-13,0,0.0,1,1,0.0
2017-02-14,0,0.0,1,1,0.0
2017-02-15,0,0.0,1,1,0.0
2017-02-16,0,0.0,1,1,0.0
2017-02-17,0,0.0,1,1,0.0
2017-02-18,0,0.0,1,1,0.0
2017-02-19,0,0.0,1,1,0.0
2017-02-20,0,0.0,1,1,0.0
2017-02-21,0,0.0,1,1,0.0
2017-02-22,0,0.0,1,1,0.0
2017-02-23,0,0.0,1,1,0.0
2017-02-24,0,0.0,1,1,0.0
2017-02-25,0,0.0,1,1,0.0
2017-02-26,0,0.0,1,1,0.0
2017-02-27,0,0.0,1,1,0.0
2017-02-28,0,0.0,1,1,0.0
2017-03-01,0,0.0,1,1,0.0
2017-03-02,0,0.0,1,1,0.0
2017-03-03,0,0.0,1,1,0.0
2017-03-04,0,0.0,1,1,0.0
2017-03-05,0,0.0,1,1,0.0
2017-03-06,0,0.0,1,1,0.0
2017-03-07,0,0.0,1,1,0.0
2017-03-08,0,0.0,1,1,0.0
2017-03-09,0,0.0,1,1,0.0
2017-03-10,0,0.0,1,1,0.0
2017-03-11,0,0.0,1,1,0.0
2017-03-12,0,0.0,1,1,0.0
2017-03-13,0,0.0,1,1,0.0
2017-03-14,0,0.0,1,1,0.0
2017-03-15,0,0.0,1,1,0.0
2017-03-16,0,0.0,1,1,0.0
2017-03-17,0,0.0,1,1,0.0
2017-03-18,0,0.0,1,1,0.0
2017-03-19,0,0.0,1,1,0.0
2017-03-20,0,0.0,1,1,0.0
2017-03-21,0,0.0,1,1,0.0
2017-03-22,0,0.0,1,1,0.0
2017-03-23,0,0.0,1,1,0.0
2017-03-24,0,0.0,1,1,0.0
2017-03-25,0,0.0,1,1,0.0
2017-03-26,0,0.0,1,1,0.0
2017-03-27,0,0.0,1,1,0.0
2017-03-28,0,0.0,1,1,0.0
2017-03-29,0,0.0,1,1,0.0
2017-03-30,0,0.0,1,1,0.0
2017-03-31,0,0.0,1,1,0.0
2017-04-01,0,0.0,1,1,0.0
2017-04-02,0,0.0,1,1,0.0
2017-04-03,0,0.0,1,1,0.0
2017-04-04,0,0.0,1,1,0.0
2017-04-05,0,0.0,1,1,0.0
2017-04-06,0,0.0,1,1,0.0
2017-04-07,0,0.0,1,1,0.0
2017-04-08,0,0.0,1,1,0.0
2017-04-09,0,0.0,1,1,0.0
2017-04-10,0,0.0,1,1,0.0
2017-04-11,0,0.0,1,1,0.0
2017-04-12,0,0.0,1,1,0.0
2017-04-13,0,0.0,1,1,0.0
2017-04-14,0,0.0,1,1,0.0
2017-04-15,0,0.0,1,1,0.0
2017-04-16,0,0.0,1,1,0.0
2017-04-17,0,0.0,1,1,0.0
2017-04-18,0,0.0,1,1,0.0
2017-04-19,0,0.0,1,1,0.0
2017-04-20,0,0.0,1,1,0.0
2017-04-21,0,0.0,1,1,0.0
2017-04-22,0,0.0,1,1,0.0
2017-04-23,0,0.0,1,1,0.0
2017-04-24,0,0.0,1,1,0.0
2017-04-25,0,0.0,1,1,0.0
2017-04-26,0,0.0,1,1,0.0
2017-04-27,0,0.0,1,1,0.0
2017-04-28,0,0.0,1,1,0.0
2017-04-29,0,0.0,1,1,0.0
2017-04-30,0,0.0,1,1,0.0
2017-05-01,0,0.0,1,1,0.0
2017-05-02,0,0.0,1,1,0.0
2017-05-03,0,0.0,1,1,0.0
2017-05-04,0,0.0,1,1,0.0
2017-05-05,0,0.0,1,1,0.0
2017-05-06,0,0.0,1,1,0.0
2017-05-07,0,0.0,1,1,0.0
2017-05-08,0,0.0,1,1,0.0
2017-05-09,0,0.0,1,1,0.0
2017-05-10,0,0.0,1,1,0.0
2017-05-11,0,0.0,1,1,0.0
2017-05-12,0,0.0,1,1,0.0
2017-05-13,0,0.0,1,1,0.0
2017-05-14,0,0.0,1,1,0.0
2017-05-15,0,0.0,1,1,0.0
2017-05-16,0,0.0,1,1,0.0
2017-05-17,0,0.0,1,1,0.0
2017-05-18,0,0.0,1,1,0.0
2017-05-19,0,0.0,1,1,0.0
2017-05-20,0,0.0,1,1,0.0
2017-05-21,0,0.0,1,1,0.0
2017-05-22,0,0.0,1,1,0.0
2017-05-23,0,0.0,1,1,0.0
2017-05-24,0,0.0,1,1,0.0
2017-05-25,0,0.0,1,1,0.0
2017-05-26,0,0.0,1,1,0.0
2017-05-27,0,0.0,1,1,0.0
2017-05-28,0,0.0,1,1,0.0
2017-05-29,0,0.0,1,1,0.0
2017-05-30,0,0.0,1,1,0.0
2017-05-31,0,0.0,1,1,0.0
2017-06-01,0,0.0,1,1,0.0
2017-06-02,0,0.0,1,1,0.0
2017-06-03,0,0.0,1,1,0.0
2017-06-04,1,0.0,1,1,0.0
2017-06-05,1,0.0,1,1,0.0
2017-06-06,1,0.0,1,1,0.0
2017-06-07,1,0.0,1,1,0.0
2017-06-08,1,0.0,1,1,0.0
2017-06-09,1,0.0,1,1,0.0
2017-06-10,1,0.0,1,1,0.0
2017-06-11,2,0.0,1,1,0.0
2017-06-12,2,0.0,1,1,0.0
2017-06-13,2,0.0,1,1,0.0
2017-06-14,2,0.0,1,1,0.0
2017-06-15,2,0.0,1,1,0.0
2017-06-16,2,0.0,1,1,0.0
2017-06-17,2,0.0,1,1,0.0
2017-06-18,0,0.0,1,1,0.0
2017-06-19,0,0.0,1,1,0.0
2017-06-20,0,0.0,1,1,0.0
2017-06-21,0,0.0,1,1,0.0
2017-06-22,0,0.0,1,1,0.0
2017-06-23,0,0.0,1,1,0.0
2017-06-24,0,0.0,1,1,0.0
2017-06-25,3,0.0,1,1,0.0
2017-06-26,3,0.0,1,1,0.0
2017-06-27,3,0.0,1,1,0.0
2017-06-28,3,0.0,1,1,0.0
2017-06-29,3,0.0,1,1,0.0
2017-06-30,3,0.0,1,1,0.0
2017-07-01,3,0.0,1,1,0.0
2017-07-02,2,0.0,1,1,0.0
2017-07-03,2,0.0,1,1,0.0
2017-07-04,2,0.0,1,1,0.0
2017-07-05,2,0.0,1,1,0.0
2017-07-06,2,0.0,1,1,0.0
2017-07-07,2,0.0,1,1,0.0
2017-07-08,2,0.0,1,1,0.0
2017-07-09,6,0.0,1,1,0.0
2017-07-10,6,0.0,1,1,0.0
2017-07-11,6,0.0,1,1,0.0
2017-07-12,6,0.0,1,1,0.0
2017-07-13,6,0.0,1,1,0.0
2017-07-14,6,0.0,1,1,0.0
2017-07-15,6,0.0,1,1,0.0
2017-07-16,15,0.0,1,1,0.0
2017-07-17,15,0.0,1,1,0.0
2017-07-18,15,0.1078575,1,1,7.62
2017-07-19,15,0.153325,1,1,805.76
2017-07-20,15,0.1739,1,1,0.6747
2017-07-21,15,0.140375,1,1,338.15
2017-07-22,15,0.121995,1,1,17.62
2017-07-23,8,0.108465,1,1,54.58
2017-07-24,8,0.112345,1,1,64.61
2017-07-25,8,0.127975,1,1,63.64
2017-07-26,8,0.13125,1,1,19.03
2017-07-27,8,0.1221,1,1,22.5
2017-07-28,8,0.11205,1,1,16.62
2017-07-29,8,0.112775,1,1,0.0248
2017-07-30,25,0.11675,1,1,43.42
2017-07-31,25,0.10439500000000003,1,1,0.2077
2017-08-01,25,0.0863775,1,1,126.8
2017-08-02,25,0.057604999999999996,1,1,339.55
2017-08-03,25,0.05181,1,1,892.63
2017-08-04,25,0.0448735,1,1,152580.16
2017-08-05,25,0.0253225,1,1,729286.32
2017-08-06,58,0.0261775,1,1,341796.11
2017-08-07,58,0.024192500000000002,1,1,338393.73
2017-08-08,58,0.0308275,1,1,629658.45
2017-08-09,58,0.050440000000000006,1,1,1860186.48
2017-08-10,58,0.07887000000000001,1,1,2330954.42
2017-08-11,58,0.08500250000000001,1,1,1090943.99
2017-08-12,58,0.08631,1,1,975835.48
2017-08-13,100,0.138685,1,1,5820367.88
2017-08-14,100,0.150625,1,1,3278686.54
2017-08-15,100,0.14695,1,1,2357603.8
2017-08-16,100,0.1382,1,1,1826301.46
2017-08-17,100,0.14179999999999998,1,1,3588136.14
2017-08-18,100,0.163125,1,1,3874936.42
2017-08-19,100,0.211875,1,1,4623670.44
2017-08-20,61,0.2242,1,1,4349255.58
2017-08-21,61,0.1813,1,1,2443450.7
2017-08-22,61,0.155475,1,1,1235050.84
2017-08-23,61,0.1487,1,1,694364.76
2017-08-24,61,0.13922500000000002,1,1,741368.14
2017-08-25,61,0.12567499999999998,1,1,156298.15
2017-08-26,61,0.1402,1,1,466593.33
2017-08-27,34,0.12940000000000002,1,1,742305.57
2017-08-28,34,0.124425,1,1,714952.61
2017-08-29,34,0.1061275,1,1,733071.07
2017-08-30,34,0.1125875,1,1,556569.97
2017-08-31,34,0.100035,1,1,561734.31
2017-09-01,34,0.08138999999999999,1,1,347346.08
2017-09-02,34,0.0862375,1,1,408347.03
2017-09-03,15,0.068235,1,1,487251.52
2017-09-04,15,0.0685925,1,1,304551.68
2017-09-05,15,0.07597999999999999,1,1,317048.75
2017-09-06,15,0.07293,1,1,251356.86
2017-09-07,15,0.06411750000000001,1,1,175638.0
2017-09-08,15,0.0629675,1,1,195183.78
2017-09-09,15,0.058445000000000004,1,1,176026.15
2017-09-10,12,0.054305000000000006,1,1,247822.98
2017-09-11,12,0.0513725,1,1,251628.9
2017-09-12,12,0.0434075,1,1,223317.36
2017-09-13,12,0.034725,1,1,169191.6
2017-09-14,12,0.04555,1,1,250962.41
2017-09-15,12,0.0466525,1,1,129838.61
2017-09-16,12,0.0427425,1,1,91472.36
2017-09-17,8,0.0452675,1,1,153777.93
2017-09-18,8,0.041697500000000005,1,1,147616.1
2017-09-19,8,0.0402575,1,1,152844.93
2017-09-20,8,0.0362425,1,1,270212.88
2017-09-21,8,0.0348925,1,1,102506.84
2017-09-22,8,0.0379625,1,1,101225.93
2017-09-23,8,0.035657499999999995,1,1,115938.59
2017-09-24,12,0.038482499999999996,1,1,189000.0
2017-09-25,12,0.038325,1,1,123247.45
2017-09-26,12,0.0463575,1,1,222162.44
2017-09-27,12,0.048785,1,1,123609.81
2017-09-28,12,0.042595,1,1,158084.79
2017-09-29,12,0.044785000000000005,1,1,132795.66
2017-09-30,12,0.047675,1,1,146338.76
2017-10-01,3,0.0516175,1,1,318744.18
2017-10-02,3,0.049572500000000005,1,1,247262.02
2017-10-03,3,0.047745,1,1,149887.92
2017-10-04,3,0.04919,1,1,96677.36
2017-10-05,3,0.0490225,1,1,104910.17
2017-10-06,3,0.04775,1,1,129877.82
2017-10-07,3,0.04342,1,1,121084.18
2017-10-08,7,0.038695,1,1,110828.23
2017-10-09,7,0.03595,1,1,117701.83
2017-10-10,7,0.03823,1,1,101709.43
2017-10-11,7,0.039875,1,1,118631.52
2017-10-12,7,0.035727499999999995,1,1,110785.38
2017-10-13,7,0.049464999999999995,1,1,237142.88
2017-10-14,7,0.0602525,1,1,3128076.81
2017-10-15,25,0.047815,1,1,809532.0
2017-10-16,25,0.041024999999999985,1,1,458903.21
2017-10-17,25,0.03889,1,1,200730.38
2017-10-18,25,0.048125,1,1,1629820.67
2017-10-19,25,0.06251,1,1,4647486.06
2017-10-20,25,0.0669,1,1,6022074.0
2017-10-21,25,0.063375,1,1,2173909.24
2017-10-22,20,0.0645275,1,1,1133649.6
2017-10-23,20,0.06596500000000001,1,1,2694692.04
2017-10-24,20,0.064665,1,1,1296352.77
2017-10-25,20,0.0575675,1,1,945407.75
2017-10-26,20,0.052125000000000005,1,1,733248.56
2017-10-27,20,0.04693,1,1,739651.33
2017-10-28,20,0.045565,1,1,737408.27
2017-10-29,11,0.046317500000000005,1,1,848354.72
2017-10-30,11,0.04666,1,1,683121.7
2017-10-31,11,0.040322500000000004,1,1,566108.72
2017-11-01,11,0.0363875,1,1,413411.94
2017-11-02,11,0.03628,1,1,303287.62
2017-11-03,11,0.0384575,1,1,248658.41
2017-11-04,11,0.037205,1,1,235000.84
2017-11-05,15,0.0378075,1,1,371972.29
2017-11-06,15,0.040077499999999995,1,1,200042.74
2017-11-07,15,0.0443875,1,1,2072139.41
2017-11-08,15,0.049515,1,1,3454719.76
2017-11-09,15,0.043005,1,1,2232917.63
2017-11-10,15,0.039892500000000004,1,1,1740002.93
2017-11-11,15,0.035695000000000005,1,1,1438595.66
2017-11-12,8,0.0389725,1,1,1501636.81
2017-11-13,8,0.0383475,1,1,1789986.17
2017-11-14,8,0.04102,1,1,1911431.36
2017-11-15,8,0.0407625,1,1,1887694.26
2017-11-16,8,0.0363625,1,1,1648998.74
2017-11-17,8,0.036785000000000005,1,1,2015640.38
2017-11-18,8,0.041339999999999995,1,1,2990120.71
2017-11-19,11,0.0456325,1,1,5287247.16
2017-11-20,11,0.042402499999999996,1,1,2388656.4
2017-11-21,11,0.04136,1,1,2145123.53
2017-11-22,11,0.04057,1,1,2132323.11
2017-11-23,11,0.040327499999999995,1,1,1752603.81
2017-11-24,11,0.04257,1,1,1926054.01
2017-11-25,11,0.04431,1,1,2253326.45
2017-11-26,13,0.045500000000000006,1,1,2460445.18
2017-11-27,13,0.047225,1,1,2377659.32
2017-11-28,13,0.0428925,1,1,1742047.04
2017-11-29,13,0.0418275,1,1,1805888.93
2017-11-30,13,0.044505,1,1,1342476.58
2017-12-01,13,0.0438425,1,1,1666531.8
2017-12-02,13,0.045407499999999996,1,1,1668186.68
2017-12-03,21,0.048762500000000014,1,1,2422413.44
2017-12-04,21,0.05501,1,1,4097908.67
2017-12-05,21,0.05898250000000001,1,1,3087453.52
2017-12-06,21,0.05657250000000001,1,1,3274817.08
2017-12-07,21,0.045132500000000006,1,1,2759122.29
2017-12-08,21,0.0431225,1,1,3214808.59
2017-12-09,21,0.045364999999999996,1,1,3407800.46
2017-12-10,23,0.047020000000000006,1,1,3504034.95
2017-12-11,23,0.046425,1,1,3459402.69
2017-12-12,23,0.04487,1,1,3699014.55
2017-12-13,23,0.05706,1,1,6258129.41
2017-12-14,23,0.0622775,1,1,5558527.29
2017-12-15,23,0.07042000000000001,1,1,5262897.89
2017-12-16,23,0.0834125,1,1,10476891.35
2017-12-17,22,0.090915,1,1,7932736.3
2017-12-18,22,0.09213500000000001,1,1,7775341.21
2017-12-19,22,0.08601500000000001,1,1,4804251.97
2017-12-20,22,0.095125,1,1,8540978.5
2017-12-21,22,0.08182,1,1,5963027.13
2017-12-22,22,0.09667250000000001,1,1,8178955.21
2017-12-23,22,0.0952175,1,1,4070098.22
2017-12-24,37,0.12001,1,1,15702068.59
2017-12-25,37,0.128625,1,1,9046296.0
2017-12-26,37,0.1203475,1,1,7104843.63
2017-12-27,37,0.118975,1,1,9202102.73
2017-12-28,37,0.119875,1,1,5580740.09
2017-12-29,37,0.1057875,1,1,3553600.13
2017-12-30,37,0.136875,1,1,9990323.16
2017-12-31,60,0.15505000000000002,1,1,8988782.17
2018-01-01,60,0.1697,1,1,10158050.23
2018-01-02,60,0.17622500000000002,1,1,10045295.87
2018-01-03,60,0.218075,1,1,10873228.98
2018-01-04,60,0.300375,1,1,24081768.61
2018-01-05,60,0.3859750000000001,1,1,52517076.72
2018-01-06,60,0.3605,1,1,19055761.33
2018-01-07,50,0.331025,1,1,21137686.2
2018-01-08,50,0.33014999999999994,1,1,11562101.47
2018-01-09,50,0.30425,1,1,9384580.32
2018-01-10,50,0.229025,1,1,7745914.54
2018-01-11,50,0.2617,1,1,9715355.97
2018-01-12,50,0.3059,1,1,18895550.8
2018-01-13,50,0.249375,1,1,4394794.15
2018-01-14,30,0.225875,1,1,4097830.59
2018-01-15,30,0.15915,1,1,4888664.16
2018-01-16,30,0.1578,1,1,3544681.61
2018-01-17,30,0.16920000000000002,1,1,1815784.67
2018-01-18,30,0.1957,1,1,6272928.1
2018-01-19,30,0.230225,1,1,18412138.08
2018-01-20,30,0.199875,1,1,5985848.82
2018-01-21,13,0.165975,1,1,3277036.38
2018-01-22,13,0.15885,1,1,2078373.45
2018-01-23,13,0.1634,1,1,2161331.43
2018-01-24,13,0.15655,1,1,1413908.28
2018-01-25,13,0.161425,1,1,5982568.28
2018-01-26,13,0.16917500000000002,1,1,2438664.55
2018-01-27,13,0.17235,1,1,2020855.03
2018-01-28,13,0.158375,1,1,1284249.82
2018-01-29,13,0.13372499999999998,1,1,1335454.39
2018-01-30,13,0.12787500000000002,1,1,1256702.13
2018-01-31,13,0.107925,1,1,1218177.4
2018-02-01,13,0.0959825,1,1,1195570.95
2018-02-02,13,0.10625,1,1,1711997.29
2018-02-03,13,0.0913225,1,1,584767.51
2018-02-04,10,0.0688825,1,1,554047.53
2018-02-05,10,0.0744725,1,1,624649.57
2018-02-06,10,0.0784525,1,1,865825.58
2018-02-07,10,0.07988250000000001,1,1,2140093.7
2018-02-08,10,0.08512,1,1,1774256.62
2018-02-09,10,0.08522249999999999,1,1,1061033.48
2018-02-10,10,0.0777525,1,1,642371.14
2018-02-11,10,0.0904275,1,1,2362454.38
2018-02-12,10,0.08805249999999999,1,1,2466552.4
2018-02-13,10,0.10751,1,1,10068472.73
2018-02-14,10,0.108975,1,1,2094494.38
2018-02-15,10,0.105275,1,1,1014438.34
2018-02-16,10,0.1135,1,1,1014033.15
2018-02-17,10,0.1042075,1,1,3533112.37
2018-02-18,4,0.105625,1,1,2383725.97
2018-02-19,4,0.09557,1,1,1433271.46
2018-02-20,4,0.08228250000000001,1,1,926566.24
2018-02-21,4,0.077825,1,1,835448.46
2018-02-22,4,0.0818125,1,1,1164399.56
2018-02-23,4,0.077575,1,1,965019.38
2018-02-24,4,0.076425,1,1,731934.57
2018-02-25,6,0.082015,1,1,989880.04
2018-02-26,6,0.08054750000000001,1,1,456989.4
2018-02-27,6,0.07546749999999999,1,1,804585.97
2018-02-28,6,0.08353,1,1,4245727.94
